-10133.5992081968
-10124.6510339002
-10136.7035146102
-10132.0606032801
-10137.8610297265
-10160.2476098785
-10143.8852422022
-10126.8423015488
-10128.9438148207
-10135.4056414527
-10138.1831548208
-10151.5569895370
-10149.2698520717
-10137.0311546444
-10143.4247084349
-10150.2816332679
-10145.1055656514
-10145.7116500055
-10133.3244534828
-10130.3129859096
-10113.8025667574
-10131.7844881754
-10137.0380706130
-10147.9674012705
-10137.7287554187
-10142.7786188031
-10143.8906226642
-10146.8496916619
-10140.6621511677
-10131.2105100260
-10142.5957557809
-10153.3573932567
-10132.6461597507
-10126.6432285402
-10134.2050117643
-10120.9758975211
-10116.1918955517
-10122.9764708871
-10124.5001161004
-10131.0727147664
-10114.4115714251
-10129.2169955601
-10133.2951361584
-10133.9300480016
-10130.4932292525
-10141.6513711504
-10137.3175295449
-10121.5372964302
-10119.8640432563
-10143.5032232631
-10143.2969237621
-10125.6801632657
-10132.6338721361
-10129.9938494556
-10140.8326867002
-10135.0843688935
-10150.4187946328
-10157.2626021238
-10142.9504216568
-10147.7153390359
-10131.5997993253
-10134.9761266516
-10146.3136743467
-10127.8535953329
-10141.1520591883
-10134.2605319941
-10141.0899773335
-10135.1040975961
-10129.6573410816
-10133.8371579407
-10147.9980298508
-10135.9025534614
-10146.2749557747
-10135.8380628034
-10117.5698657527
-10130.8215906448
-10136.7058224673
-10148.3512996189
-10145.2027293124
-10120.9380119992
-10128.6941882115
-10135.6267456633
-10168.6089088319
-10167.1883141502
-10154.0875366170
-10152.3226274223
-10145.2024264367
-10163.2944009251
-10167.7540984776
-10147.1097323707
-10127.8191514867
-10141.4320432807
-10155.7935990514
-10145.3467243365
-10152.2119742126
-10141.1911992954
-10137.3493602099
-10160.7557008863
-10151.5185335691
-10159.0244652303
-10149.0568926489
-10144.2819485758
-10131.5713370890
-10142.0219252400
-10142.6631632587
-10169.9923211894
-10164.6264460164
-10155.7852871736
-10169.3093472380
-10152.6912890969
-10143.1000593712
-10141.7500217783
-10142.1997844393
-10133.6660464534
-10140.8752627377
-10143.0003253053
-10151.6290614267
-10143.9347881623
-10169.3971779252
-10163.0305395591
-10154.7418709426
-10148.3329817714
-10142.8737512037
-10150.1018964686
-10149.3466567040
-10160.1909099807
-10168.9732780329
-10146.5292508795
-10141.7242202988
-10147.5956453606
-10158.8706668238
-10152.5420470407
-10165.5495003034
-10152.6601747699
-10147.8563227366
-10135.1412548346
-10134.0043075723
-10127.2787465541
-10129.7296503433
-10121.2181403334
-10133.7715692164
-10128.5839439864
-10135.6706128929
-10127.6391203419
-10145.3963922569
-10131.8675023612
-10141.6908689662
-10149.4128293791
-10155.9911584859
-10140.7909205484
-10120.6613482622
-10126.8170342359
-10125.4022471297
-10137.9030559848
-10159.8161583831
-10140.8108715196
-10132.6795760989
-10131.8670719810
-10132.2300763339
-10154.1947514413
-10158.2371322337
-10151.5635563808
-10145.1047970132
-10145.3707982418
-10131.3928994779
-10136.7647143822
-10169.3511011399
-10142.9962966533
-10153.8477775673
-10149.7297719089
-10150.4695993390
-10148.9589658305
-10143.5458114591
-10152.5034028030
